{
 "cells": [
  {
   "cell_type": "code",
   "execution_count": 2,
   "metadata": {},
   "outputs": [],
   "source": [
    "import os\n",
    "import numpy as np\n",
    "import pandas as pd\n",
    "import sys\n",
    "sys.path.extend(['d:\\\\atom\\\\python'])\n",
    "import data_manager as dm\n",
    "import io_helper as io"
   ]
  },
  {
   "cell_type": "code",
   "execution_count": 3,
   "metadata": {},
   "outputs": [],
   "source": [
    "df_phase = pd.DataFrame()\n",
    "df_rssi = pd.DataFrame()"
   ]
  },
  {
   "cell_type": "code",
   "execution_count": 4,
   "metadata": {
    "jupyter": {
     "source_hidden": true
    }
   },
   "outputs": [],
   "source": [
    "def calculate_diff(dfs):\n",
    "    phase = [{}, {}]\n",
    "    rssi = [{}, {}]\n",
    "\n",
    "    i = 0\n",
    "    for df in dfs:\n",
    "        records = df.to_dict('records')\n",
    "        for record in records:\n",
    "            channel = record['CHANNEL']\n",
    "            phase[i][channel] = record['PHASE']\n",
    "            rssi[i][channel] = record['RSSI']\n",
    "        i += 1\n",
    "\n",
    "    diff_phase, diff_rssi = {}, {}\n",
    "    for channel in dm.channels:\n",
    "        if channel not in phase[0] or channel not in phase[1]:\n",
    "            diff_phase[channel] = np.NaN\n",
    "            diff_rssi[channel] = np.NaN\n",
    "            continue\n",
    "        diff_phase[channel] = phase[1][channel] - phase[0][channel]\n",
    "        diff_rssi[channel] = rssi[1][channel] - phase[0][channel]\n",
    "\n",
    "    return diff_phase, diff_rssi"
   ]
  },
  {
   "cell_type": "code",
   "execution_count": 5,
   "metadata": {},
   "outputs": [],
   "source": [
    "for dist in dm.dists:\n",
    "    df1 = io.import_from_file(os.path.join(dm.folder_liquid, str(dist) + 'cm_empty.csv'), dm.epc_liquid)\n",
    "    df2 = io.import_from_file(os.path.join(dm.folder_liquid, str(dist) + 'cm_vinegar.csv'), dm.epc_liquid)\n",
    "\n",
    "    if df1.empty or df2.empty:\n",
    "        continue\n",
    "    \n",
    "    diff_phase, diff_rssi = calculate_diff([df1, df2])\n",
    "    df_phase[dist] = diff_phase.values()\n",
    "    df_rssi[dist] = diff_rssi.values()"
   ]
  },
  {
   "cell_type": "code",
   "execution_count": 6,
   "metadata": {},
   "outputs": [
    {
     "data": {
      "text/html": [
       "<div>\n",
       "<style scoped>\n",
       "    .dataframe tbody tr th:only-of-type {\n",
       "        vertical-align: middle;\n",
       "    }\n",
       "\n",
       "    .dataframe tbody tr th {\n",
       "        vertical-align: top;\n",
       "    }\n",
       "\n",
       "    .dataframe thead th {\n",
       "        text-align: right;\n",
       "    }\n",
       "</style>\n",
       "<table border=\"1\" class=\"dataframe\">\n",
       "  <thead>\n",
       "    <tr style=\"text-align: right;\">\n",
       "      <th></th>\n",
       "      <th>12</th>\n",
       "      <th>13</th>\n",
       "      <th>14</th>\n",
       "      <th>15</th>\n",
       "      <th>18</th>\n",
       "      <th>21</th>\n",
       "      <th>24</th>\n",
       "      <th>27</th>\n",
       "      <th>30</th>\n",
       "      <th>36</th>\n",
       "      <th>39</th>\n",
       "      <th>42</th>\n",
       "      <th>78</th>\n",
       "      <th>81</th>\n",
       "      <th>84</th>\n",
       "      <th>90</th>\n",
       "      <th>93</th>\n",
       "    </tr>\n",
       "  </thead>\n",
       "  <tbody>\n",
       "    <tr>\n",
       "      <th>12</th>\n",
       "      <td>1.000000</td>\n",
       "      <td>0.491445</td>\n",
       "      <td>0.086115</td>\n",
       "      <td>-0.385294</td>\n",
       "      <td>-0.205895</td>\n",
       "      <td>-0.216212</td>\n",
       "      <td>-0.280563</td>\n",
       "      <td>-0.334501</td>\n",
       "      <td>-0.017199</td>\n",
       "      <td>-0.161728</td>\n",
       "      <td>-0.250818</td>\n",
       "      <td>-0.237354</td>\n",
       "      <td>-0.495751</td>\n",
       "      <td>-0.413437</td>\n",
       "      <td>-0.699664</td>\n",
       "      <td>0.464918</td>\n",
       "      <td>-0.108234</td>\n",
       "    </tr>\n",
       "    <tr>\n",
       "      <th>13</th>\n",
       "      <td>0.491445</td>\n",
       "      <td>1.000000</td>\n",
       "      <td>0.556406</td>\n",
       "      <td>0.139869</td>\n",
       "      <td>-0.354887</td>\n",
       "      <td>-0.342200</td>\n",
       "      <td>-0.389476</td>\n",
       "      <td>-0.305031</td>\n",
       "      <td>-0.321210</td>\n",
       "      <td>0.339924</td>\n",
       "      <td>-0.379285</td>\n",
       "      <td>-0.233184</td>\n",
       "      <td>-0.326251</td>\n",
       "      <td>-0.377129</td>\n",
       "      <td>0.195503</td>\n",
       "      <td>-0.110977</td>\n",
       "      <td>-0.075922</td>\n",
       "    </tr>\n",
       "    <tr>\n",
       "      <th>14</th>\n",
       "      <td>0.086115</td>\n",
       "      <td>0.556406</td>\n",
       "      <td>1.000000</td>\n",
       "      <td>0.501916</td>\n",
       "      <td>-0.139898</td>\n",
       "      <td>-0.314083</td>\n",
       "      <td>-0.369744</td>\n",
       "      <td>-0.338489</td>\n",
       "      <td>-0.353023</td>\n",
       "      <td>0.693996</td>\n",
       "      <td>-0.242177</td>\n",
       "      <td>-0.339658</td>\n",
       "      <td>-0.065086</td>\n",
       "      <td>-0.339059</td>\n",
       "      <td>-0.082347</td>\n",
       "      <td>-0.173788</td>\n",
       "      <td>-0.099414</td>\n",
       "    </tr>\n",
       "    <tr>\n",
       "      <th>15</th>\n",
       "      <td>-0.385294</td>\n",
       "      <td>0.139869</td>\n",
       "      <td>0.501916</td>\n",
       "      <td>1.000000</td>\n",
       "      <td>0.250014</td>\n",
       "      <td>-0.142852</td>\n",
       "      <td>-0.319692</td>\n",
       "      <td>-0.322779</td>\n",
       "      <td>-0.330847</td>\n",
       "      <td>0.789180</td>\n",
       "      <td>0.169681</td>\n",
       "      <td>-0.264822</td>\n",
       "      <td>0.167697</td>\n",
       "      <td>-0.159818</td>\n",
       "      <td>0.253113</td>\n",
       "      <td>-0.156411</td>\n",
       "      <td>-0.168788</td>\n",
       "    </tr>\n",
       "    <tr>\n",
       "      <th>18</th>\n",
       "      <td>-0.205895</td>\n",
       "      <td>-0.354887</td>\n",
       "      <td>-0.139898</td>\n",
       "      <td>0.250014</td>\n",
       "      <td>1.000000</td>\n",
       "      <td>0.489567</td>\n",
       "      <td>0.170622</td>\n",
       "      <td>-0.375106</td>\n",
       "      <td>-0.374774</td>\n",
       "      <td>0.200970</td>\n",
       "      <td>0.829665</td>\n",
       "      <td>-0.051405</td>\n",
       "      <td>0.169623</td>\n",
       "      <td>-0.206287</td>\n",
       "      <td>-0.373788</td>\n",
       "      <td>-0.086522</td>\n",
       "      <td>-0.254584</td>\n",
       "    </tr>\n",
       "    <tr>\n",
       "      <th>21</th>\n",
       "      <td>-0.216212</td>\n",
       "      <td>-0.342200</td>\n",
       "      <td>-0.314083</td>\n",
       "      <td>-0.142852</td>\n",
       "      <td>0.489567</td>\n",
       "      <td>1.000000</td>\n",
       "      <td>0.594284</td>\n",
       "      <td>-0.022400</td>\n",
       "      <td>-0.396666</td>\n",
       "      <td>-0.111883</td>\n",
       "      <td>0.673678</td>\n",
       "      <td>0.469931</td>\n",
       "      <td>0.270239</td>\n",
       "      <td>-0.260902</td>\n",
       "      <td>-0.476404</td>\n",
       "      <td>-0.186399</td>\n",
       "      <td>0.057880</td>\n",
       "    </tr>\n",
       "    <tr>\n",
       "      <th>24</th>\n",
       "      <td>-0.280563</td>\n",
       "      <td>-0.389476</td>\n",
       "      <td>-0.369744</td>\n",
       "      <td>-0.319692</td>\n",
       "      <td>0.170622</td>\n",
       "      <td>0.594284</td>\n",
       "      <td>1.000000</td>\n",
       "      <td>0.367856</td>\n",
       "      <td>-0.332194</td>\n",
       "      <td>-0.401499</td>\n",
       "      <td>0.314206</td>\n",
       "      <td>0.723050</td>\n",
       "      <td>0.605838</td>\n",
       "      <td>0.147472</td>\n",
       "      <td>-0.584985</td>\n",
       "      <td>-0.112104</td>\n",
       "      <td>0.453387</td>\n",
       "    </tr>\n",
       "    <tr>\n",
       "      <th>27</th>\n",
       "      <td>-0.334501</td>\n",
       "      <td>-0.305031</td>\n",
       "      <td>-0.338489</td>\n",
       "      <td>-0.322779</td>\n",
       "      <td>-0.375106</td>\n",
       "      <td>-0.022400</td>\n",
       "      <td>0.367856</td>\n",
       "      <td>1.000000</td>\n",
       "      <td>0.323552</td>\n",
       "      <td>-0.436421</td>\n",
       "      <td>-0.324611</td>\n",
       "      <td>0.408622</td>\n",
       "      <td>0.295129</td>\n",
       "      <td>0.761003</td>\n",
       "      <td>0.433983</td>\n",
       "      <td>0.210716</td>\n",
       "      <td>0.477424</td>\n",
       "    </tr>\n",
       "    <tr>\n",
       "      <th>30</th>\n",
       "      <td>-0.017199</td>\n",
       "      <td>-0.321210</td>\n",
       "      <td>-0.353023</td>\n",
       "      <td>-0.330847</td>\n",
       "      <td>-0.374774</td>\n",
       "      <td>-0.396666</td>\n",
       "      <td>-0.332194</td>\n",
       "      <td>0.323552</td>\n",
       "      <td>1.000000</td>\n",
       "      <td>-0.400674</td>\n",
       "      <td>-0.409004</td>\n",
       "      <td>-0.361754</td>\n",
       "      <td>-0.349223</td>\n",
       "      <td>0.409089</td>\n",
       "      <td>0.831544</td>\n",
       "      <td>0.309666</td>\n",
       "      <td>-0.227329</td>\n",
       "    </tr>\n",
       "    <tr>\n",
       "      <th>36</th>\n",
       "      <td>-0.161728</td>\n",
       "      <td>0.339924</td>\n",
       "      <td>0.693996</td>\n",
       "      <td>0.789180</td>\n",
       "      <td>0.200970</td>\n",
       "      <td>-0.111883</td>\n",
       "      <td>-0.401499</td>\n",
       "      <td>-0.436421</td>\n",
       "      <td>-0.400674</td>\n",
       "      <td>1.000000</td>\n",
       "      <td>0.104308</td>\n",
       "      <td>-0.279974</td>\n",
       "      <td>0.031638</td>\n",
       "      <td>-0.350618</td>\n",
       "      <td>0.024957</td>\n",
       "      <td>-0.180635</td>\n",
       "      <td>-0.201178</td>\n",
       "    </tr>\n",
       "    <tr>\n",
       "      <th>39</th>\n",
       "      <td>-0.250818</td>\n",
       "      <td>-0.379285</td>\n",
       "      <td>-0.242177</td>\n",
       "      <td>0.169681</td>\n",
       "      <td>0.829665</td>\n",
       "      <td>0.673678</td>\n",
       "      <td>0.314206</td>\n",
       "      <td>-0.324611</td>\n",
       "      <td>-0.409004</td>\n",
       "      <td>0.104308</td>\n",
       "      <td>1.000000</td>\n",
       "      <td>0.158133</td>\n",
       "      <td>0.259328</td>\n",
       "      <td>-0.290865</td>\n",
       "      <td>-0.370187</td>\n",
       "      <td>-0.090189</td>\n",
       "      <td>-0.335058</td>\n",
       "    </tr>\n",
       "    <tr>\n",
       "      <th>42</th>\n",
       "      <td>-0.237354</td>\n",
       "      <td>-0.233184</td>\n",
       "      <td>-0.339658</td>\n",
       "      <td>-0.264822</td>\n",
       "      <td>-0.051405</td>\n",
       "      <td>0.469931</td>\n",
       "      <td>0.723050</td>\n",
       "      <td>0.408622</td>\n",
       "      <td>-0.361754</td>\n",
       "      <td>-0.279974</td>\n",
       "      <td>0.158133</td>\n",
       "      <td>1.000000</td>\n",
       "      <td>0.493042</td>\n",
       "      <td>0.213973</td>\n",
       "      <td>-0.566050</td>\n",
       "      <td>-0.365935</td>\n",
       "      <td>0.611339</td>\n",
       "    </tr>\n",
       "    <tr>\n",
       "      <th>78</th>\n",
       "      <td>-0.495751</td>\n",
       "      <td>-0.326251</td>\n",
       "      <td>-0.065086</td>\n",
       "      <td>0.167697</td>\n",
       "      <td>0.169623</td>\n",
       "      <td>0.270239</td>\n",
       "      <td>0.605838</td>\n",
       "      <td>0.295129</td>\n",
       "      <td>-0.349223</td>\n",
       "      <td>0.031638</td>\n",
       "      <td>0.259328</td>\n",
       "      <td>0.493042</td>\n",
       "      <td>1.000000</td>\n",
       "      <td>0.268939</td>\n",
       "      <td>-0.057140</td>\n",
       "      <td>-0.144012</td>\n",
       "      <td>0.349210</td>\n",
       "    </tr>\n",
       "    <tr>\n",
       "      <th>81</th>\n",
       "      <td>-0.413437</td>\n",
       "      <td>-0.377129</td>\n",
       "      <td>-0.339059</td>\n",
       "      <td>-0.159818</td>\n",
       "      <td>-0.206287</td>\n",
       "      <td>-0.260902</td>\n",
       "      <td>0.147472</td>\n",
       "      <td>0.761003</td>\n",
       "      <td>0.409089</td>\n",
       "      <td>-0.350618</td>\n",
       "      <td>-0.290865</td>\n",
       "      <td>0.213973</td>\n",
       "      <td>0.268939</td>\n",
       "      <td>1.000000</td>\n",
       "      <td>0.393199</td>\n",
       "      <td>-0.086557</td>\n",
       "      <td>0.444672</td>\n",
       "    </tr>\n",
       "    <tr>\n",
       "      <th>84</th>\n",
       "      <td>-0.699664</td>\n",
       "      <td>0.195503</td>\n",
       "      <td>-0.082347</td>\n",
       "      <td>0.253113</td>\n",
       "      <td>-0.373788</td>\n",
       "      <td>-0.476404</td>\n",
       "      <td>-0.584985</td>\n",
       "      <td>0.433983</td>\n",
       "      <td>0.831544</td>\n",
       "      <td>0.024957</td>\n",
       "      <td>-0.370187</td>\n",
       "      <td>-0.566050</td>\n",
       "      <td>-0.057140</td>\n",
       "      <td>0.393199</td>\n",
       "      <td>1.000000</td>\n",
       "      <td>NaN</td>\n",
       "      <td>-0.598085</td>\n",
       "    </tr>\n",
       "    <tr>\n",
       "      <th>90</th>\n",
       "      <td>0.464918</td>\n",
       "      <td>-0.110977</td>\n",
       "      <td>-0.173788</td>\n",
       "      <td>-0.156411</td>\n",
       "      <td>-0.086522</td>\n",
       "      <td>-0.186399</td>\n",
       "      <td>-0.112104</td>\n",
       "      <td>0.210716</td>\n",
       "      <td>0.309666</td>\n",
       "      <td>-0.180635</td>\n",
       "      <td>-0.090189</td>\n",
       "      <td>-0.365935</td>\n",
       "      <td>-0.144012</td>\n",
       "      <td>-0.086557</td>\n",
       "      <td>NaN</td>\n",
       "      <td>1.000000</td>\n",
       "      <td>0.298464</td>\n",
       "    </tr>\n",
       "    <tr>\n",
       "      <th>93</th>\n",
       "      <td>-0.108234</td>\n",
       "      <td>-0.075922</td>\n",
       "      <td>-0.099414</td>\n",
       "      <td>-0.168788</td>\n",
       "      <td>-0.254584</td>\n",
       "      <td>0.057880</td>\n",
       "      <td>0.453387</td>\n",
       "      <td>0.477424</td>\n",
       "      <td>-0.227329</td>\n",
       "      <td>-0.201178</td>\n",
       "      <td>-0.335058</td>\n",
       "      <td>0.611339</td>\n",
       "      <td>0.349210</td>\n",
       "      <td>0.444672</td>\n",
       "      <td>-0.598085</td>\n",
       "      <td>0.298464</td>\n",
       "      <td>1.000000</td>\n",
       "    </tr>\n",
       "  </tbody>\n",
       "</table>\n",
       "</div>"
      ],
      "text/plain": [
       "          12        13        14        15        18        21        24  \\\n",
       "12  1.000000  0.491445  0.086115 -0.385294 -0.205895 -0.216212 -0.280563   \n",
       "13  0.491445  1.000000  0.556406  0.139869 -0.354887 -0.342200 -0.389476   \n",
       "14  0.086115  0.556406  1.000000  0.501916 -0.139898 -0.314083 -0.369744   \n",
       "15 -0.385294  0.139869  0.501916  1.000000  0.250014 -0.142852 -0.319692   \n",
       "18 -0.205895 -0.354887 -0.139898  0.250014  1.000000  0.489567  0.170622   \n",
       "21 -0.216212 -0.342200 -0.314083 -0.142852  0.489567  1.000000  0.594284   \n",
       "24 -0.280563 -0.389476 -0.369744 -0.319692  0.170622  0.594284  1.000000   \n",
       "27 -0.334501 -0.305031 -0.338489 -0.322779 -0.375106 -0.022400  0.367856   \n",
       "30 -0.017199 -0.321210 -0.353023 -0.330847 -0.374774 -0.396666 -0.332194   \n",
       "36 -0.161728  0.339924  0.693996  0.789180  0.200970 -0.111883 -0.401499   \n",
       "39 -0.250818 -0.379285 -0.242177  0.169681  0.829665  0.673678  0.314206   \n",
       "42 -0.237354 -0.233184 -0.339658 -0.264822 -0.051405  0.469931  0.723050   \n",
       "78 -0.495751 -0.326251 -0.065086  0.167697  0.169623  0.270239  0.605838   \n",
       "81 -0.413437 -0.377129 -0.339059 -0.159818 -0.206287 -0.260902  0.147472   \n",
       "84 -0.699664  0.195503 -0.082347  0.253113 -0.373788 -0.476404 -0.584985   \n",
       "90  0.464918 -0.110977 -0.173788 -0.156411 -0.086522 -0.186399 -0.112104   \n",
       "93 -0.108234 -0.075922 -0.099414 -0.168788 -0.254584  0.057880  0.453387   \n",
       "\n",
       "          27        30        36        39        42        78        81  \\\n",
       "12 -0.334501 -0.017199 -0.161728 -0.250818 -0.237354 -0.495751 -0.413437   \n",
       "13 -0.305031 -0.321210  0.339924 -0.379285 -0.233184 -0.326251 -0.377129   \n",
       "14 -0.338489 -0.353023  0.693996 -0.242177 -0.339658 -0.065086 -0.339059   \n",
       "15 -0.322779 -0.330847  0.789180  0.169681 -0.264822  0.167697 -0.159818   \n",
       "18 -0.375106 -0.374774  0.200970  0.829665 -0.051405  0.169623 -0.206287   \n",
       "21 -0.022400 -0.396666 -0.111883  0.673678  0.469931  0.270239 -0.260902   \n",
       "24  0.367856 -0.332194 -0.401499  0.314206  0.723050  0.605838  0.147472   \n",
       "27  1.000000  0.323552 -0.436421 -0.324611  0.408622  0.295129  0.761003   \n",
       "30  0.323552  1.000000 -0.400674 -0.409004 -0.361754 -0.349223  0.409089   \n",
       "36 -0.436421 -0.400674  1.000000  0.104308 -0.279974  0.031638 -0.350618   \n",
       "39 -0.324611 -0.409004  0.104308  1.000000  0.158133  0.259328 -0.290865   \n",
       "42  0.408622 -0.361754 -0.279974  0.158133  1.000000  0.493042  0.213973   \n",
       "78  0.295129 -0.349223  0.031638  0.259328  0.493042  1.000000  0.268939   \n",
       "81  0.761003  0.409089 -0.350618 -0.290865  0.213973  0.268939  1.000000   \n",
       "84  0.433983  0.831544  0.024957 -0.370187 -0.566050 -0.057140  0.393199   \n",
       "90  0.210716  0.309666 -0.180635 -0.090189 -0.365935 -0.144012 -0.086557   \n",
       "93  0.477424 -0.227329 -0.201178 -0.335058  0.611339  0.349210  0.444672   \n",
       "\n",
       "          84        90        93  \n",
       "12 -0.699664  0.464918 -0.108234  \n",
       "13  0.195503 -0.110977 -0.075922  \n",
       "14 -0.082347 -0.173788 -0.099414  \n",
       "15  0.253113 -0.156411 -0.168788  \n",
       "18 -0.373788 -0.086522 -0.254584  \n",
       "21 -0.476404 -0.186399  0.057880  \n",
       "24 -0.584985 -0.112104  0.453387  \n",
       "27  0.433983  0.210716  0.477424  \n",
       "30  0.831544  0.309666 -0.227329  \n",
       "36  0.024957 -0.180635 -0.201178  \n",
       "39 -0.370187 -0.090189 -0.335058  \n",
       "42 -0.566050 -0.365935  0.611339  \n",
       "78 -0.057140 -0.144012  0.349210  \n",
       "81  0.393199 -0.086557  0.444672  \n",
       "84  1.000000       NaN -0.598085  \n",
       "90       NaN  1.000000  0.298464  \n",
       "93 -0.598085  0.298464  1.000000  "
      ]
     },
     "execution_count": 6,
     "metadata": {},
     "output_type": "execute_result"
    }
   ],
   "source": [
    "df_phase.corr()"
   ]
  },
  {
   "cell_type": "code",
   "execution_count": 7,
   "metadata": {},
   "outputs": [
    {
     "data": {
      "text/html": [
       "<div>\n",
       "<style scoped>\n",
       "    .dataframe tbody tr th:only-of-type {\n",
       "        vertical-align: middle;\n",
       "    }\n",
       "\n",
       "    .dataframe tbody tr th {\n",
       "        vertical-align: top;\n",
       "    }\n",
       "\n",
       "    .dataframe thead th {\n",
       "        text-align: right;\n",
       "    }\n",
       "</style>\n",
       "<table border=\"1\" class=\"dataframe\">\n",
       "  <thead>\n",
       "    <tr style=\"text-align: right;\">\n",
       "      <th></th>\n",
       "      <th>12</th>\n",
       "      <th>13</th>\n",
       "      <th>14</th>\n",
       "      <th>15</th>\n",
       "      <th>18</th>\n",
       "      <th>21</th>\n",
       "      <th>24</th>\n",
       "      <th>27</th>\n",
       "      <th>30</th>\n",
       "      <th>36</th>\n",
       "      <th>39</th>\n",
       "      <th>42</th>\n",
       "      <th>78</th>\n",
       "      <th>81</th>\n",
       "      <th>84</th>\n",
       "      <th>90</th>\n",
       "      <th>93</th>\n",
       "    </tr>\n",
       "  </thead>\n",
       "  <tbody>\n",
       "    <tr>\n",
       "      <th>12</th>\n",
       "      <td>1.000000</td>\n",
       "      <td>0.492319</td>\n",
       "      <td>0.066605</td>\n",
       "      <td>-0.340071</td>\n",
       "      <td>-0.227338</td>\n",
       "      <td>-0.222979</td>\n",
       "      <td>-0.381849</td>\n",
       "      <td>-0.219634</td>\n",
       "      <td>0.326059</td>\n",
       "      <td>-0.005078</td>\n",
       "      <td>-0.298440</td>\n",
       "      <td>-0.289645</td>\n",
       "      <td>-0.384235</td>\n",
       "      <td>-0.296054</td>\n",
       "      <td>0.762624</td>\n",
       "      <td>0.701901</td>\n",
       "      <td>-0.039094</td>\n",
       "    </tr>\n",
       "    <tr>\n",
       "      <th>13</th>\n",
       "      <td>0.492319</td>\n",
       "      <td>1.000000</td>\n",
       "      <td>0.433345</td>\n",
       "      <td>-0.164447</td>\n",
       "      <td>-0.224252</td>\n",
       "      <td>-0.201259</td>\n",
       "      <td>-0.228565</td>\n",
       "      <td>-0.281370</td>\n",
       "      <td>0.027138</td>\n",
       "      <td>0.140628</td>\n",
       "      <td>-0.262616</td>\n",
       "      <td>-0.297121</td>\n",
       "      <td>-0.321086</td>\n",
       "      <td>-0.332008</td>\n",
       "      <td>0.686735</td>\n",
       "      <td>0.348485</td>\n",
       "      <td>-0.174226</td>\n",
       "    </tr>\n",
       "    <tr>\n",
       "      <th>14</th>\n",
       "      <td>0.066605</td>\n",
       "      <td>0.433345</td>\n",
       "      <td>1.000000</td>\n",
       "      <td>-0.027384</td>\n",
       "      <td>-0.276772</td>\n",
       "      <td>-0.272868</td>\n",
       "      <td>-0.028888</td>\n",
       "      <td>-0.125684</td>\n",
       "      <td>-0.105752</td>\n",
       "      <td>0.294451</td>\n",
       "      <td>-0.278482</td>\n",
       "      <td>-0.219522</td>\n",
       "      <td>-0.137738</td>\n",
       "      <td>-0.106477</td>\n",
       "      <td>0.626865</td>\n",
       "      <td>-0.034215</td>\n",
       "      <td>-0.295396</td>\n",
       "    </tr>\n",
       "    <tr>\n",
       "      <th>15</th>\n",
       "      <td>-0.340071</td>\n",
       "      <td>-0.164447</td>\n",
       "      <td>-0.027384</td>\n",
       "      <td>1.000000</td>\n",
       "      <td>0.004278</td>\n",
       "      <td>-0.138191</td>\n",
       "      <td>-0.003757</td>\n",
       "      <td>0.001140</td>\n",
       "      <td>-0.115475</td>\n",
       "      <td>0.237559</td>\n",
       "      <td>-0.085864</td>\n",
       "      <td>-0.124136</td>\n",
       "      <td>-0.168106</td>\n",
       "      <td>0.030371</td>\n",
       "      <td>0.650760</td>\n",
       "      <td>-0.427398</td>\n",
       "      <td>-0.277334</td>\n",
       "    </tr>\n",
       "    <tr>\n",
       "      <th>18</th>\n",
       "      <td>-0.227338</td>\n",
       "      <td>-0.224252</td>\n",
       "      <td>-0.276772</td>\n",
       "      <td>0.004278</td>\n",
       "      <td>1.000000</td>\n",
       "      <td>0.374562</td>\n",
       "      <td>-0.150940</td>\n",
       "      <td>-0.279511</td>\n",
       "      <td>-0.270654</td>\n",
       "      <td>0.162506</td>\n",
       "      <td>0.743491</td>\n",
       "      <td>0.237290</td>\n",
       "      <td>0.250556</td>\n",
       "      <td>-0.285564</td>\n",
       "      <td>-0.653820</td>\n",
       "      <td>-0.421706</td>\n",
       "      <td>0.225113</td>\n",
       "    </tr>\n",
       "    <tr>\n",
       "      <th>21</th>\n",
       "      <td>-0.222979</td>\n",
       "      <td>-0.201259</td>\n",
       "      <td>-0.272868</td>\n",
       "      <td>-0.138191</td>\n",
       "      <td>0.374562</td>\n",
       "      <td>1.000000</td>\n",
       "      <td>0.083573</td>\n",
       "      <td>-0.259915</td>\n",
       "      <td>-0.357569</td>\n",
       "      <td>-0.151606</td>\n",
       "      <td>0.665206</td>\n",
       "      <td>0.473232</td>\n",
       "      <td>0.204660</td>\n",
       "      <td>-0.168925</td>\n",
       "      <td>-0.617569</td>\n",
       "      <td>-0.655337</td>\n",
       "      <td>0.440258</td>\n",
       "    </tr>\n",
       "    <tr>\n",
       "      <th>24</th>\n",
       "      <td>-0.381849</td>\n",
       "      <td>-0.228565</td>\n",
       "      <td>-0.028888</td>\n",
       "      <td>-0.003757</td>\n",
       "      <td>-0.150940</td>\n",
       "      <td>0.083573</td>\n",
       "      <td>1.000000</td>\n",
       "      <td>0.111600</td>\n",
       "      <td>-0.352041</td>\n",
       "      <td>-0.189114</td>\n",
       "      <td>-0.022023</td>\n",
       "      <td>0.527619</td>\n",
       "      <td>0.589089</td>\n",
       "      <td>0.089465</td>\n",
       "      <td>-0.192806</td>\n",
       "      <td>-0.854238</td>\n",
       "      <td>0.270926</td>\n",
       "    </tr>\n",
       "    <tr>\n",
       "      <th>27</th>\n",
       "      <td>-0.219634</td>\n",
       "      <td>-0.281370</td>\n",
       "      <td>-0.125684</td>\n",
       "      <td>0.001140</td>\n",
       "      <td>-0.279511</td>\n",
       "      <td>-0.259915</td>\n",
       "      <td>0.111600</td>\n",
       "      <td>1.000000</td>\n",
       "      <td>0.162848</td>\n",
       "      <td>-0.210147</td>\n",
       "      <td>-0.245009</td>\n",
       "      <td>-0.070075</td>\n",
       "      <td>0.167891</td>\n",
       "      <td>0.624402</td>\n",
       "      <td>0.918872</td>\n",
       "      <td>-0.831582</td>\n",
       "      <td>0.078268</td>\n",
       "    </tr>\n",
       "    <tr>\n",
       "      <th>30</th>\n",
       "      <td>0.326059</td>\n",
       "      <td>0.027138</td>\n",
       "      <td>-0.105752</td>\n",
       "      <td>-0.115475</td>\n",
       "      <td>-0.270654</td>\n",
       "      <td>-0.357569</td>\n",
       "      <td>-0.352041</td>\n",
       "      <td>0.162848</td>\n",
       "      <td>1.000000</td>\n",
       "      <td>-0.044419</td>\n",
       "      <td>-0.394289</td>\n",
       "      <td>-0.300856</td>\n",
       "      <td>-0.341168</td>\n",
       "      <td>0.193751</td>\n",
       "      <td>0.940251</td>\n",
       "      <td>0.508638</td>\n",
       "      <td>-0.045227</td>\n",
       "    </tr>\n",
       "    <tr>\n",
       "      <th>36</th>\n",
       "      <td>-0.005078</td>\n",
       "      <td>0.140628</td>\n",
       "      <td>0.294451</td>\n",
       "      <td>0.237559</td>\n",
       "      <td>0.162506</td>\n",
       "      <td>-0.151606</td>\n",
       "      <td>-0.189114</td>\n",
       "      <td>-0.210147</td>\n",
       "      <td>-0.044419</td>\n",
       "      <td>1.000000</td>\n",
       "      <td>0.020188</td>\n",
       "      <td>-0.045106</td>\n",
       "      <td>0.068841</td>\n",
       "      <td>-0.201683</td>\n",
       "      <td>-0.051953</td>\n",
       "      <td>0.128375</td>\n",
       "      <td>-0.075041</td>\n",
       "    </tr>\n",
       "    <tr>\n",
       "      <th>39</th>\n",
       "      <td>-0.298440</td>\n",
       "      <td>-0.262616</td>\n",
       "      <td>-0.278482</td>\n",
       "      <td>-0.085864</td>\n",
       "      <td>0.743491</td>\n",
       "      <td>0.665206</td>\n",
       "      <td>-0.022023</td>\n",
       "      <td>-0.245009</td>\n",
       "      <td>-0.394289</td>\n",
       "      <td>0.020188</td>\n",
       "      <td>1.000000</td>\n",
       "      <td>0.405126</td>\n",
       "      <td>0.243038</td>\n",
       "      <td>-0.242932</td>\n",
       "      <td>-0.703081</td>\n",
       "      <td>-0.634902</td>\n",
       "      <td>0.354397</td>\n",
       "    </tr>\n",
       "    <tr>\n",
       "      <th>42</th>\n",
       "      <td>-0.289645</td>\n",
       "      <td>-0.297121</td>\n",
       "      <td>-0.219522</td>\n",
       "      <td>-0.124136</td>\n",
       "      <td>0.237290</td>\n",
       "      <td>0.473232</td>\n",
       "      <td>0.527619</td>\n",
       "      <td>-0.070075</td>\n",
       "      <td>-0.300856</td>\n",
       "      <td>-0.045106</td>\n",
       "      <td>0.405126</td>\n",
       "      <td>1.000000</td>\n",
       "      <td>0.533611</td>\n",
       "      <td>-0.134072</td>\n",
       "      <td>-0.701215</td>\n",
       "      <td>-0.785079</td>\n",
       "      <td>0.786778</td>\n",
       "    </tr>\n",
       "    <tr>\n",
       "      <th>78</th>\n",
       "      <td>-0.384235</td>\n",
       "      <td>-0.321086</td>\n",
       "      <td>-0.137738</td>\n",
       "      <td>-0.168106</td>\n",
       "      <td>0.250556</td>\n",
       "      <td>0.204660</td>\n",
       "      <td>0.589089</td>\n",
       "      <td>0.167891</td>\n",
       "      <td>-0.341168</td>\n",
       "      <td>0.068841</td>\n",
       "      <td>0.243038</td>\n",
       "      <td>0.533611</td>\n",
       "      <td>1.000000</td>\n",
       "      <td>0.033377</td>\n",
       "      <td>-0.252770</td>\n",
       "      <td>-0.884700</td>\n",
       "      <td>0.445368</td>\n",
       "    </tr>\n",
       "    <tr>\n",
       "      <th>81</th>\n",
       "      <td>-0.296054</td>\n",
       "      <td>-0.332008</td>\n",
       "      <td>-0.106477</td>\n",
       "      <td>0.030371</td>\n",
       "      <td>-0.285564</td>\n",
       "      <td>-0.168925</td>\n",
       "      <td>0.089465</td>\n",
       "      <td>0.624402</td>\n",
       "      <td>0.193751</td>\n",
       "      <td>-0.201683</td>\n",
       "      <td>-0.242932</td>\n",
       "      <td>-0.134072</td>\n",
       "      <td>0.033377</td>\n",
       "      <td>1.000000</td>\n",
       "      <td>0.864479</td>\n",
       "      <td>-0.890296</td>\n",
       "      <td>-0.091847</td>\n",
       "    </tr>\n",
       "    <tr>\n",
       "      <th>84</th>\n",
       "      <td>0.762624</td>\n",
       "      <td>0.686735</td>\n",
       "      <td>0.626865</td>\n",
       "      <td>0.650760</td>\n",
       "      <td>-0.653820</td>\n",
       "      <td>-0.617569</td>\n",
       "      <td>-0.192806</td>\n",
       "      <td>0.918872</td>\n",
       "      <td>0.940251</td>\n",
       "      <td>-0.051953</td>\n",
       "      <td>-0.703081</td>\n",
       "      <td>-0.701215</td>\n",
       "      <td>-0.252770</td>\n",
       "      <td>0.864479</td>\n",
       "      <td>1.000000</td>\n",
       "      <td>NaN</td>\n",
       "      <td>-0.589437</td>\n",
       "    </tr>\n",
       "    <tr>\n",
       "      <th>90</th>\n",
       "      <td>0.701901</td>\n",
       "      <td>0.348485</td>\n",
       "      <td>-0.034215</td>\n",
       "      <td>-0.427398</td>\n",
       "      <td>-0.421706</td>\n",
       "      <td>-0.655337</td>\n",
       "      <td>-0.854238</td>\n",
       "      <td>-0.831582</td>\n",
       "      <td>0.508638</td>\n",
       "      <td>0.128375</td>\n",
       "      <td>-0.634902</td>\n",
       "      <td>-0.785079</td>\n",
       "      <td>-0.884700</td>\n",
       "      <td>-0.890296</td>\n",
       "      <td>NaN</td>\n",
       "      <td>1.000000</td>\n",
       "      <td>0.197879</td>\n",
       "    </tr>\n",
       "    <tr>\n",
       "      <th>93</th>\n",
       "      <td>-0.039094</td>\n",
       "      <td>-0.174226</td>\n",
       "      <td>-0.295396</td>\n",
       "      <td>-0.277334</td>\n",
       "      <td>0.225113</td>\n",
       "      <td>0.440258</td>\n",
       "      <td>0.270926</td>\n",
       "      <td>0.078268</td>\n",
       "      <td>-0.045227</td>\n",
       "      <td>-0.075041</td>\n",
       "      <td>0.354397</td>\n",
       "      <td>0.786778</td>\n",
       "      <td>0.445368</td>\n",
       "      <td>-0.091847</td>\n",
       "      <td>-0.589437</td>\n",
       "      <td>0.197879</td>\n",
       "      <td>1.000000</td>\n",
       "    </tr>\n",
       "  </tbody>\n",
       "</table>\n",
       "</div>"
      ],
      "text/plain": [
       "          12        13        14        15        18        21        24  \\\n",
       "12  1.000000  0.492319  0.066605 -0.340071 -0.227338 -0.222979 -0.381849   \n",
       "13  0.492319  1.000000  0.433345 -0.164447 -0.224252 -0.201259 -0.228565   \n",
       "14  0.066605  0.433345  1.000000 -0.027384 -0.276772 -0.272868 -0.028888   \n",
       "15 -0.340071 -0.164447 -0.027384  1.000000  0.004278 -0.138191 -0.003757   \n",
       "18 -0.227338 -0.224252 -0.276772  0.004278  1.000000  0.374562 -0.150940   \n",
       "21 -0.222979 -0.201259 -0.272868 -0.138191  0.374562  1.000000  0.083573   \n",
       "24 -0.381849 -0.228565 -0.028888 -0.003757 -0.150940  0.083573  1.000000   \n",
       "27 -0.219634 -0.281370 -0.125684  0.001140 -0.279511 -0.259915  0.111600   \n",
       "30  0.326059  0.027138 -0.105752 -0.115475 -0.270654 -0.357569 -0.352041   \n",
       "36 -0.005078  0.140628  0.294451  0.237559  0.162506 -0.151606 -0.189114   \n",
       "39 -0.298440 -0.262616 -0.278482 -0.085864  0.743491  0.665206 -0.022023   \n",
       "42 -0.289645 -0.297121 -0.219522 -0.124136  0.237290  0.473232  0.527619   \n",
       "78 -0.384235 -0.321086 -0.137738 -0.168106  0.250556  0.204660  0.589089   \n",
       "81 -0.296054 -0.332008 -0.106477  0.030371 -0.285564 -0.168925  0.089465   \n",
       "84  0.762624  0.686735  0.626865  0.650760 -0.653820 -0.617569 -0.192806   \n",
       "90  0.701901  0.348485 -0.034215 -0.427398 -0.421706 -0.655337 -0.854238   \n",
       "93 -0.039094 -0.174226 -0.295396 -0.277334  0.225113  0.440258  0.270926   \n",
       "\n",
       "          27        30        36        39        42        78        81  \\\n",
       "12 -0.219634  0.326059 -0.005078 -0.298440 -0.289645 -0.384235 -0.296054   \n",
       "13 -0.281370  0.027138  0.140628 -0.262616 -0.297121 -0.321086 -0.332008   \n",
       "14 -0.125684 -0.105752  0.294451 -0.278482 -0.219522 -0.137738 -0.106477   \n",
       "15  0.001140 -0.115475  0.237559 -0.085864 -0.124136 -0.168106  0.030371   \n",
       "18 -0.279511 -0.270654  0.162506  0.743491  0.237290  0.250556 -0.285564   \n",
       "21 -0.259915 -0.357569 -0.151606  0.665206  0.473232  0.204660 -0.168925   \n",
       "24  0.111600 -0.352041 -0.189114 -0.022023  0.527619  0.589089  0.089465   \n",
       "27  1.000000  0.162848 -0.210147 -0.245009 -0.070075  0.167891  0.624402   \n",
       "30  0.162848  1.000000 -0.044419 -0.394289 -0.300856 -0.341168  0.193751   \n",
       "36 -0.210147 -0.044419  1.000000  0.020188 -0.045106  0.068841 -0.201683   \n",
       "39 -0.245009 -0.394289  0.020188  1.000000  0.405126  0.243038 -0.242932   \n",
       "42 -0.070075 -0.300856 -0.045106  0.405126  1.000000  0.533611 -0.134072   \n",
       "78  0.167891 -0.341168  0.068841  0.243038  0.533611  1.000000  0.033377   \n",
       "81  0.624402  0.193751 -0.201683 -0.242932 -0.134072  0.033377  1.000000   \n",
       "84  0.918872  0.940251 -0.051953 -0.703081 -0.701215 -0.252770  0.864479   \n",
       "90 -0.831582  0.508638  0.128375 -0.634902 -0.785079 -0.884700 -0.890296   \n",
       "93  0.078268 -0.045227 -0.075041  0.354397  0.786778  0.445368 -0.091847   \n",
       "\n",
       "          84        90        93  \n",
       "12  0.762624  0.701901 -0.039094  \n",
       "13  0.686735  0.348485 -0.174226  \n",
       "14  0.626865 -0.034215 -0.295396  \n",
       "15  0.650760 -0.427398 -0.277334  \n",
       "18 -0.653820 -0.421706  0.225113  \n",
       "21 -0.617569 -0.655337  0.440258  \n",
       "24 -0.192806 -0.854238  0.270926  \n",
       "27  0.918872 -0.831582  0.078268  \n",
       "30  0.940251  0.508638 -0.045227  \n",
       "36 -0.051953  0.128375 -0.075041  \n",
       "39 -0.703081 -0.634902  0.354397  \n",
       "42 -0.701215 -0.785079  0.786778  \n",
       "78 -0.252770 -0.884700  0.445368  \n",
       "81  0.864479 -0.890296 -0.091847  \n",
       "84  1.000000       NaN -0.589437  \n",
       "90       NaN  1.000000  0.197879  \n",
       "93 -0.589437  0.197879  1.000000  "
      ]
     },
     "execution_count": 7,
     "metadata": {},
     "output_type": "execute_result"
    }
   ],
   "source": [
    "df_rssi.corr()"
   ]
  },
  {
   "cell_type": "code",
   "execution_count": 10,
   "metadata": {},
   "outputs": [],
   "source": [
    "from sklearn.decomposition import PCA"
   ]
  },
  {
   "cell_type": "code",
   "execution_count": 13,
   "metadata": {},
   "outputs": [],
   "source": [
    "df_phase = df_phase.drop(columns=[84, 90, 93])"
   ]
  },
  {
   "cell_type": "code",
   "execution_count": 14,
   "metadata": {},
   "outputs": [
    {
     "data": {
      "text/plain": [
       "PCA()"
      ]
     },
     "execution_count": 14,
     "metadata": {},
     "output_type": "execute_result"
    }
   ],
   "source": [
    "pca = PCA()\n",
    "pca.fit(df_phase)"
   ]
  },
  {
   "cell_type": "code",
   "execution_count": 15,
   "metadata": {},
   "outputs": [
    {
     "data": {
      "text/plain": [
       "array([[-0.18201508, -0.28769125, -0.27942976, -0.17570248,  0.03642692,\n",
       "         0.21290146,  0.43997793,  0.3605145 ,  0.01966503, -0.26301162,\n",
       "         0.10276073,  0.36056425,  0.3076635 ,  0.31648328],\n",
       "       [ 0.07022838,  0.01251923, -0.08407048, -0.1864589 , -0.3361933 ,\n",
       "        -0.32706598, -0.20983757,  0.30087916,  0.45715649, -0.21550958,\n",
       "        -0.3971569 , -0.12984963, -0.20835793,  0.35365848],\n",
       "       [ 0.33051096, -0.07840403, -0.33454077, -0.4244232 ,  0.11233166,\n",
       "         0.22969294,  0.04712585, -0.22629527,  0.16472585, -0.38290034,\n",
       "         0.17455708, -0.04908315, -0.39829847, -0.32937336],\n",
       "       [ 0.2994084 ,  0.441859  ,  0.18153492, -0.22450013, -0.38119055,\n",
       "        -0.00201975,  0.25939015,  0.08205745, -0.36294896, -0.08659574,\n",
       "        -0.3119464 ,  0.36331557,  0.04456444, -0.20471319],\n",
       "       [ 0.22436583, -0.12490111,  0.03747303, -0.11416954,  0.02372855,\n",
       "        -0.39129492,  0.20703964, -0.33730652,  0.09523242, -0.23271713,\n",
       "        -0.06860561, -0.32571698,  0.65242444, -0.0980944 ],\n",
       "       [-0.31974265, -0.28248962,  0.14493017,  0.0675037 , -0.42885878,\n",
       "         0.26473695,  0.14148426, -0.02291292,  0.42319479,  0.12656609,\n",
       "        -0.17764007,  0.02251667,  0.07260701, -0.53423485],\n",
       "       [-0.01809552, -0.09530707, -0.46625328,  0.22116999, -0.19565523,\n",
       "        -0.28239768, -0.27257782, -0.42316514,  0.02313639,  0.03251664,\n",
       "        -0.01377939,  0.58955363,  0.05840085, -0.0108338 ],\n",
       "       [-0.09096246, -0.44285253,  0.42288564, -0.10673519,  0.16056884,\n",
       "        -0.27068854,  0.33472809, -0.31359351, -0.1030283 , -0.00311194,\n",
       "        -0.20974516,  0.19715105, -0.41746482,  0.16787321],\n",
       "       [-0.48101214,  0.38685926, -0.25523824,  0.31744413, -0.07089894,\n",
       "        -0.12524911,  0.39592373, -0.16923691, -0.07794582, -0.35396381,\n",
       "        -0.04862512, -0.25174298, -0.22304626, -0.00920175],\n",
